1 0.321875 0.15729166666666666 0.109375 0.13645833333333332
1 0.5572916666666666 0.27708333333333335 0.11145833333333334 0.128125
1 0.9010416666666666 0.5020833333333333 0.09375 0.12604166666666666
1 0.6416666666666667 0.7895833333333333 0.16354166666666667 0.19895833333333332
1 0.19270833333333334 0.18854166666666666 0.16458333333333333 0.16041666666666668
1 0.9708333333333333 0.06666666666666667 0.05416666666666667 0.07291666666666667
1 0.7416666666666667 0.6885416666666667 0.14479166666666668 0.19791666666666666
1 0.5395833333333333 0.9041666666666667 0.17916666666666667 0.1875
1 0.515625 0.10625 0.07916666666666666 0.09791666666666667
1 0.0625 0.265625 0.11979166666666667 0.11458333333333333
1 0.5697916666666667 0.08958333333333333 0.08020833333333334 0.09166666666666666
