1 0.8447916666666667 0.5510416666666667 0.1625 0.11145833333333334
1 0.6052083333333333 0.48541666666666666 0.16041666666666668 0.09270833333333334
1 0.7083333333333334 0.4041666666666667 0.06666666666666667 0.03854166666666667
1 0.7260416666666667 0.4322916666666667 0.08645833333333333 0.042708333333333334
1 0.7229166666666667 0.39375 0.09270833333333334 0.026041666666666668
1 0.6125 0.353125 0.020833333333333332 0.021875
1 0.030208333333333334 0.3572916666666667 0.059375 0.05
1 0.090625 0.34791666666666665 0.04791666666666667 0.036458333333333336
1 0.5614583333333333 0.3958333333333333 0.03229166666666667 0.020833333333333332
1 0.6989583333333333 0.509375 0.18020833333333333 0.11354166666666667
1 0.7229166666666667 0.41770833333333335 0.55 0.17708333333333334