1 0.07083333333333333 0.8104166666666667 0.13645833333333332 0.14895833333333333
1 0.35625 0.6833333333333333 0.16145833333333334 0.17291666666666666
1 0.4375 0.6177083333333333 0.12395833333333334 0.125
1 0.484375 0.55625 0.09166666666666666 0.09166666666666666
1 0.8104166666666667 0.39791666666666664 0.06145833333333333 0.04895833333333333
1 0.13645833333333332 0.3927083333333333 0.06145833333333333 0.06666666666666667
1 0.5458333333333333 0.459375 0.07395833333333333 0.057291666666666664
1 0.8 0.36770833333333336 0.04791666666666667 0.022916666666666665
1 0.5260416666666666 0.6927083333333334 0.12604166666666666 0.12395833333333334
1 0.14270833333333333 0.5989583333333334 0.13333333333333333 0.10208333333333333
1 0.0625 0.66875 0.121875 0.128125
1 0.49166666666666664 0.4322916666666667 0.06666666666666667 0.04895833333333333
1 0.44166666666666665 0.646875 0.8270833333333333 0.7020833333333333