1 0.48333333333333334 0.6989583333333333 0.10208333333333333 0.05520833333333333
1 0.46770833333333334 0.58125 0.053125 0.026041666666666668
1 0.64375 0.8166666666666667 0.18333333333333332 0.06041666666666667
1 0.5427083333333333 0.6322916666666667 0.06979166666666667 0.036458333333333336
1 0.7541666666666667 0.6510416666666666 0.08333333333333333 0.04375
1 0.8354166666666667 0.8552083333333333 0.0875 0.027083333333333334
1 0.6885416666666667 0.678125 0.07708333333333334 0.029166666666666667
1 0.5479166666666667 0.5958333333333333 0.04791666666666667 0.014583333333333334
1 0.05520833333333333 0.39895833333333336 0.008333333333333333 0.00625
1 0.2635416666666667 0.246875 0.01875 0.0125
1 0.04479166666666667 0.4114583333333333 0.01875 0.008333333333333333
1 0.728125 0.86875 0.15520833333333334 0.065625
1 0.49895833333333334 0.38333333333333336 0.9979166666666667 0.5833333333333334