1 0.5552083333333333 0.5145833333333333 0.07604166666666666 0.096875
1 0.7166666666666667 0.7010416666666667 0.128125 0.17708333333333334
1 0.525 0.6666666666666666 0.11770833333333333 0.16041666666666668
1 0.4635416666666667 0.5666666666666667 0.090625 0.11458333333333333
1 0.3375 0.7739583333333333 0.121875 0.15520833333333334
1 0.6822916666666666 0.3729166666666667 0.04791666666666667 0.09479166666666666
1 0.6625 0.27395833333333336 0.0375 0.03333333333333333
1 0.55625 0.7947916666666667 0.11666666666666667 0.14583333333333334
1 0.5322916666666667 0.584375 0.10416666666666667 0.10729166666666666
1 0.8364583333333333 0.29375 0.05416666666666667 0.051041666666666666
1 0.815625 0.35520833333333335 0.058333333333333334 0.0625
1 0.6760416666666667 0.45416666666666666 0.071875 0.08229166666666667
1 0.9427083333333334 0.328125 0.06145833333333333 0.08541666666666667
1 0.5708333333333333 0.4479166666666667 0.85625 0.609375
