2 0.06458333333333334 0.5645833333333333 0.03958333333333333 0.07708333333333334
1 0.75625 0.484375 0.0875 0.121875
1 0.15416666666666667 0.7333333333333333 0.184375 0.246875
1 0.3489583333333333 0.7239583333333334 0.16979166666666667 0.17916666666666667
1 0.8979166666666667 0.34375 0.06770833333333333 0.08020833333333334
1 0.43854166666666666 0.5604166666666667 0.11354166666666667 0.12291666666666666
1 0.30625 0.5708333333333333 0.140625 0.13958333333333334
1 0.9760416666666667 0.42083333333333334 0.040625 0.07083333333333333
1 0.528125 0.7083333333333334 0.13645833333333332 0.196875
1 0.578125 0.5479166666666667 0.1 0.13645833333333332
1 0.3385416666666667 0.478125 0.1125 0.08854166666666667
1 0.528125 0.32083333333333336 0.1125 0.08020833333333334
1 0.4875 0.4625 0.08229166666666667 0.128125
1 0.4583333333333333 0.3020833333333333 0.896875 0.3697916666666667