1 0.375 0.6020833333333333 0.11354166666666667 0.13645833333333332
1 0.90625 0.8479166666666667 0.18229166666666666 0.2791666666666667
1 0.41041666666666665 0.55625 0.07916666666666666 0.12395833333333334
1 0.19895833333333332 0.7770833333333333 0.390625 0.41770833333333335
1 0.5354166666666667 0.5916666666666667 0.04375 0.10625
1 0.03125 0.5385416666666667 0.06145833333333333 0.07291666666666667
1 0.515625 0.5364583333333334 0.06354166666666666 0.07291666666666667
1 0.34791666666666665 0.5145833333333333 0.027083333333333334 0.030208333333333334
1 0.23645833333333333 0.50625 0.026041666666666668 0.04479166666666667
1 0.20104166666666667 0.50625 0.046875 0.053125
1 0.48854166666666665 0.534375 0.016666666666666666 0.057291666666666664
1 0.5322916666666667 0.5583333333333333 0.04895833333333333 0.0625