1 0.9520833333333333 0.653125 0.09166666666666666 0.10208333333333333
1 0.715625 0.5291666666666667 0.10208333333333333 0.08229166666666667
1 0.69375 0.4375 0.084375 0.07395833333333333
1 0.465625 0.30625 0.06458333333333334 0.051041666666666666
1 0.46875 0.27291666666666664 0.04895833333333333 0.040625
1 0.37604166666666666 0.18229166666666666 0.04375 0.042708333333333334
1 0.3416666666666667 0.15208333333333332 0.04479166666666667 0.03854166666666667
1 0.08125 0.2604166666666667 0.040625 0.04375
1 0.15 0.271875 0.04791666666666667 0.06458333333333334
1 0.16979166666666667 0.41875 0.06041666666666667 0.065625
1 0.1625 0.36666666666666664 0.052083333333333336 0.065625
1 0.5708333333333333 0.984375 0.10416666666666667 0.027083333333333334
1 0.26666666666666666 0.11666666666666667 0.08125 0.075