1 0.30104166666666665 0.7197916666666667 0.01875 0.028125
1 0.30625 0.690625 0.017708333333333333 0.028125
1 0.3125 0.6177083333333333 0.016666666666666666 0.025
1 0.49375 0.628125 0.015625 0.01875
1 0.26666666666666666 0.6583333333333333 0.015625 0.022916666666666665
1 0.43645833333333334 0.61875 0.016666666666666666 0.021875
1 0.4552083333333333 0.6229166666666667 0.01875 0.030208333333333334
1 0.659375 0.915625 0.021875 0.025
1 0.5833333333333334 0.6822916666666666 0.015625 0.023958333333333335
1 0.51875 0.65 0.015625 0.03958333333333333
1 0.33958333333333335 0.7854166666666667 0.021875 0.028125
1 0.6197916666666666 0.7875 0.013541666666666667 0.0125
1 0.5395833333333333 0.65 0.01875 0.021875
1 0.475 0.6645833333333333 0.909375 0.44375