1 0.38958333333333334 0.6354166666666666 0.03958333333333333 0.052083333333333336
1 0.23229166666666667 0.6583333333333333 0.034375 0.04895833333333333
1 0.18020833333333333 0.6510416666666666 0.021875 0.035416666666666666
1 0.8583333333333333 0.671875 0.041666666666666664 0.057291666666666664
1 0.7447916666666666 0.6520833333333333 0.051041666666666666 0.052083333333333336
1 0.13333333333333333 0.6510416666666666 0.034375 0.046875
1 0.29583333333333334 0.659375 0.023958333333333335 0.04583333333333333
1 0.34375 0.65625 0.040625 0.06354166666666666
1 0.39479166666666665 0.665625 0.035416666666666666 0.04375
1 0.45208333333333334 0.6645833333333333 0.040625 0.04895833333333333
1 0.340625 0.625 0.04895833333333333 0.03854166666666667
1 0.234375 0.6270833333333333 0.03958333333333333 0.04375
1 0.07291666666666667 0.6447916666666667 0.009375 0.028125
1 0.44375 0.671875 0.884375 0.22291666666666668