1 0.11458333333333333 0.9645833333333333 0.041666666666666664 0.034375
1 0.084375 0.9510416666666667 0.041666666666666664 0.03125
1 0.22604166666666667 0.8885416666666667 0.03229166666666667 0.028125
1 0.17916666666666667 0.9385416666666667 0.034375 0.030208333333333334
1 0.1875 0.88125 0.034375 0.03333333333333333
1 0.22604166666666667 0.9322916666666666 0.041666666666666664 0.03125
1 0.2375 0.85 0.029166666666666667 0.026041666666666668
1 0.265625 0.8645833333333334 0.03125 0.026041666666666668
1 0.13333333333333333 0.9177083333333333 0.04479166666666667 0.03854166666666667
1 0.428125 0.64375 0.015625 0.014583333333333334
1 0.6739583333333333 0.684375 0.016666666666666666 0.017708333333333333
1 0.6708333333333333 0.7197916666666667 0.022916666666666665 0.029166666666666667
1 0.4083333333333333 0.7104166666666667 0.021875 0.017708333333333333
1 0.44583333333333336 0.6364583333333333 0.8416666666666667 0.40208333333333335