1 0.6208333333333333 0.5375 0.396875 0.359375
1 0.175 0.4395833333333333 0.203125 0.2947916666666667
1 0.43333333333333335 0.6427083333333333 0.8666666666666667 0.709375
1 0.7791666666666667 0.434375 0.2604166666666667 0.2989583333333333
1 0.10520833333333333 0.3885416666666667 0.18125 0.10833333333333334
1 0.46770833333333334 0.4270833333333333 0.13854166666666667 0.125
1 0.11145833333333334 0.5270833333333333 0.21354166666666666 0.10520833333333333
1 0.17604166666666668 0.29375 0.14375 0.08854166666666667
1 0.5510416666666667 0.284375 0.16875 0.09166666666666666
1 0.11041666666666666 0.5916666666666667 0.21979166666666666 0.10520833333333333
1 0.5364583333333334 0.390625 0.12604166666666666 0.14791666666666667
1 0.5802083333333333 0.3104166666666667 0.14479166666666668 0.096875