1 0.096875 0.88125 0.14895833333333333 0.16145833333333334
1 0.075 0.9364583333333333 0.15 0.12291666666666666
1 0.15833333333333333 0.6885416666666667 0.121875 0.1875
1 0.084375 0.6125 0.08333333333333333 0.10104166666666667
1 0.334375 0.76875 0.11145833333333334 0.13125
1 0.128125 0.5395833333333333 0.078125 0.071875
1 0.21979166666666666 0.509375 0.06145833333333333 0.04791666666666667
1 0.20104166666666667 0.46770833333333334 0.06979166666666667 0.07916666666666666
1 0.2677083333333333 0.40625 0.0375 0.041666666666666664
1 0.646875 0.7302083333333333 0.10729166666666666 0.11770833333333333
1 0.684375 0.8802083333333334 0.140625 0.17291666666666666
1 0.9489583333333333 0.9635416666666666 0.09791666666666667 0.04375
2 0.5447916666666667 0.7010416666666667 0.025 0.05625
1 0.08958333333333333 0.7875 0.14270833333333333 0.14895833333333333
1 0.5 0.6416666666666667 0.99375 0.7125