2 0.5864583333333333 0.79375 0.06770833333333333 0.11145833333333334
2 0.4010416666666667 0.83125 0.071875 0.19583333333333333
2 0.8354166666666667 0.8041666666666667 0.04479166666666667 0.1875
2 0.103125 0.7958333333333333 0.090625 0.21458333333333332
2 0.019791666666666666 0.840625 0.035416666666666666 0.184375
2 0.78125 0.815625 0.07708333333333334 0.221875
1 0.6697916666666667 0.7729166666666667 0.14583333333333334 0.24166666666666667
1 0.6666666666666666 0.5958333333333333 0.103125 0.10416666666666667
1 0.8697916666666666 0.6604166666666667 0.13020833333333334 0.19895833333333332
1 0.6385416666666667 0.6114583333333333 0.09166666666666666 0.08125
1 0.2 0.6625 0.15 0.109375
1 0.058333333333333334 0.759375 0.08958333333333333 0.2375
1 0.43333333333333335 0.7604166666666666 0.16770833333333332 0.234375
1 0.534375 0.63125 0.14791666666666667 0.10104166666666667
1 0.49375 0.70625 0.11145833333333334 0.19270833333333334
1 0.8229166666666666 0.678125 0.10208333333333333 0.12604166666666666
1 0.425 0.6197916666666666 0.075 0.06145833333333333
1 0.4875 0.5791666666666667 0.11354166666666667 0.075
1 0.24583333333333332 0.7958333333333333 0.2791666666666667 0.265625
1 0.5604166666666667 0.6104166666666667 0.8625 0.4625