2 0.11145833333333334 0.7260416666666667 0.215625 0.521875
2 0.3020833333333333 0.5739583333333333 0.06145833333333333 0.21354166666666666
2 0.2125 0.565625 0.04895833333333333 0.11458333333333333
2 0.24166666666666667 0.5083333333333333 0.036458333333333336 0.10208333333333333
2 0.746875 0.496875 0.06770833333333333 0.10208333333333333
2 0.9385416666666667 0.540625 0.12083333333333333 0.16666666666666666
2 0.65 0.4427083333333333 0.0125 0.041666666666666664
2 0.41770833333333335 0.7625 0.15833333333333333 0.47291666666666665
2 0.34375 0.509375 0.041666666666666664 0.10104166666666667
2 0.3260416666666667 0.7947916666666667 0.2604166666666667 0.32395833333333335
2 0.6989583333333333 0.44375 0.034375 0.05416666666666667
2 0.3541666666666667 0.44375 0.017708333333333333 0.042708333333333334
2 0.3229166666666667 0.46041666666666664 0.042708333333333334 0.03125
2 0.49895833333333334 0.48125 0.9979166666666667 0.18333333333333332