2 0.8177083333333334 0.5395833333333333 0.0125 0.03229166666666667
2 0.39166666666666666 0.253125 0.03333333333333333 0.023958333333333335
2 0.44166666666666665 0.24895833333333334 0.035416666666666666 0.026041666666666668
2 0.6375 0.859375 0.014583333333333334 0.041666666666666664
1 0.4166666666666667 0.5625 0.053125 0.06458333333333334
1 0.3645833333333333 0.5177083333333333 0.046875 0.06041666666666667
1 0.38645833333333335 0.47604166666666664 0.051041666666666666 0.057291666666666664
1 0.5270833333333333 0.6677083333333333 0.03958333333333333 0.05416666666666667
1 0.4395833333333333 0.415625 0.041666666666666664 0.040625
1 0.44895833333333335 0.39375 0.04479166666666667 0.04583333333333333
1 0.46875 0.375 0.03958333333333333 0.04375
1 0.690625 0.6052083333333333 0.053125 0.06979166666666667
1 0.5291666666666667 0.38333333333333336 0.03854166666666667 0.051041666666666666
1 0.35208333333333336 0.7104166666666667 0.05 0.057291666666666664
1 0.765625 0.5864583333333333 0.059375 0.06770833333333333
1 0.4166666666666667 0.43854166666666666 0.042708333333333334 0.04791666666666667
1 0.4708333333333333 0.75 0.05 0.06979166666666667
1 0.4895833333333333 0.46770833333333334 0.978125 0.7104166666666667