1 0.7364583333333333 0.93125 0.10104166666666667 0.11979166666666667
1 0.7395833333333334 0.953125 0.07916666666666666 0.08958333333333333
1 0.065625 0.95625 0.051041666666666666 0.08020833333333334
1 0.35833333333333334 0.76875 0.05625 0.05520833333333333
1 0.38645833333333335 0.73125 0.052083333333333336 0.0625
1 0.43125 0.621875 0.041666666666666664 0.046875
1 0.446875 0.5708333333333333 0.036458333333333336 0.040625
1 0.40625 0.66875 0.051041666666666666 0.06354166666666666
1 0.453125 0.54375 0.0375 0.029166666666666667
1 0.47604166666666664 0.4739583333333333 0.035416666666666666 0.034375
1 0.25 0.928125 0.07708333333333334 0.096875
1 0.7072916666666667 0.665625 0.03854166666666667 0.04791666666666667
1 0.48854166666666665 0.42916666666666664 0.09166666666666666 0.20833333333333334