1 0.3302083333333333 0.08229166666666667 0.023958333333333335 0.016666666666666666
1 0.359375 0.090625 0.036458333333333336 0.022916666666666665
1 0.25104166666666666 0.090625 0.022916666666666665 0.017708333333333333
1 0.2625 0.1 0.026041666666666668 0.01875
1 0.146875 0.23958333333333334 0.08020833333333334 0.029166666666666667
1 0.30833333333333335 0.07916666666666666 0.022916666666666665 0.0125
1 0.22708333333333333 0.08541666666666667 0.029166666666666667 0.021875
1 0.37916666666666665 0.09895833333333333 0.021875 0.020833333333333332
1 0.371875 0.09791666666666667 0.025 0.020833333333333332
1 0.4197916666666667 0.07916666666666666 0.025 0.022916666666666665
1 0.23125 0.090625 0.022916666666666665 0.020833333333333332
1 0.3 0.07916666666666666 0.021875 0.015625
1 0.359375 0.09375 0.028125 0.0375