1 0.17395833333333333 0.3927083333333333 0.030208333333333334 0.022916666666666665
1 0.159375 0.3854166666666667 0.035416666666666666 0.025
1 0.13854166666666667 0.3697916666666667 0.035416666666666666 0.027083333333333334
1 0.09270833333333334 0.33125 0.03125 0.021875
1 0.04375 0.290625 0.023958333333333335 0.019791666666666666
1 0.12708333333333333 0.3614583333333333 0.029166666666666667 0.016666666666666666
1 0.10208333333333333 0.3385416666666667 0.026041666666666668 0.017708333333333333
1 0.059375 0.309375 0.030208333333333334 0.020833333333333332
1 0.078125 0.32708333333333334 0.010416666666666666 0.015625
1 0.07395833333333333 0.31875 0.03958333333333333 0.019791666666666666
1 0.3927083333333333 0.275 0.7729166666666667 0.4666666666666667