1 0.5197916666666667 0.5083333333333333 0.01875 0.021875
1 0.490625 0.5104166666666666 0.020833333333333332 0.022916666666666665
1 0.4666666666666667 0.5104166666666666 0.020833333333333332 0.026041666666666668
1 0.9885416666666667 0.6427083333333333 0.01875 0.05625
1 0.434375 0.5083333333333333 0.025 0.03229166666666667
1 0.40729166666666666 0.5104166666666666 0.022916666666666665 0.025
1 0.20208333333333334 0.503125 0.04895833333333333 0.03229166666666667
1 0.15625 0.49583333333333335 0.029166666666666667 0.03125
1 0.08125 0.5020833333333333 0.023958333333333335 0.036458333333333336
1 0.10625 0.49270833333333336 0.020833333333333332 0.020833333333333332
1 0.05416666666666667 0.49583333333333335 0.026041666666666668 0.019791666666666666
1 0.49583333333333335 0.6239583333333333 0.9833333333333333 0.45208333333333334
