1 0.31979166666666664 0.415625 0.0875 0.04791666666666667
1 0.16770833333333332 0.41770833333333335 0.10208333333333333 0.046875
1 0.909375 0.44166666666666665 0.08020833333333334 0.08958333333333333
1 0.7427083333333333 0.415625 0.040625 0.052083333333333336
1 0.5916666666666667 0.4125 0.015625 0.015625
1 0.8645833333333334 0.4395833333333333 0.05416666666666667 0.065625
1 0.83125 0.42291666666666666 0.06875 0.07083333333333333
1 0.5489583333333333 0.41458333333333336 0.014583333333333334 0.020833333333333332
1 0.3885416666666667 0.415625 0.035416666666666666 0.019791666666666666
1 0.559375 0.409375 0.01875 0.023958333333333335
1 0.7677083333333333 0.425 0.019791666666666666 0.040625
1 0.65625 0.4114583333333333 0.315625 0.08125