1 0.415625 0.915625 0.017708333333333333 0.014583333333333334
1 0.48333333333333334 0.9041666666666667 0.01875 0.025
1 0.5739583333333333 0.7708333333333334 0.014583333333333334 0.017708333333333333
1 0.5489583333333333 0.8458333333333333 0.014583333333333334 0.015625
1 0.575 0.846875 0.021875 0.017708333333333333
1 0.49895833333333334 0.8479166666666667 0.014583333333333334 0.0125
1 0.5208333333333334 0.828125 0.013541666666666667 0.014583333333333334
1 0.4552083333333333 0.915625 0.020833333333333332 0.021875
1 0.6197916666666666 0.8197916666666667 0.013541666666666667 0.010416666666666666
1 0.4875 0.8697916666666666 0.017708333333333333 0.014583333333333334
1 0.5083333333333333 0.81875 0.0125 0.013541666666666667
1 0.5614583333333333 0.8229166666666666 0.015625 0.013541666666666667
1 0.6375 0.7791666666666667 0.565625 0.4375