1 0.2833333333333333 0.42291666666666666 0.08645833333333333 0.065625
1 0.39166666666666666 0.428125 0.06770833333333333 0.059375
1 0.9208333333333333 0.44166666666666665 0.11041666666666666 0.128125
1 0.9645833333333333 0.41354166666666664 0.04791666666666667 0.05520833333333333
1 0.584375 0.44583333333333336 0.08020833333333334 0.08854166666666667
1 0.396875 0.39166666666666666 0.03854166666666667 0.016666666666666666
1 0.0375 0.41770833333333335 0.030208333333333334 0.05416666666666667
1 0.58125 0.3875 0.08333333333333333 0.03958333333333333
1 0.23958333333333334 0.39375 0.07083333333333333 0.025
1 0.15520833333333334 0.4114583333333333 0.025 0.026041666666666668
