26 0.19927109375000002 0.83348203125 0.0266671875 0.0357140625
26 0.30302109375 0.5290921875000001 0.0466671875 0.023809375
26 0.30822890625 0.42581875 0.0633328125 0.029762499999999997
26 0.23312499999999997 0.45223203125 0.06 0.0357140625
26 0.7268749999999999 0.9786460937499999 0.06 0.0416671875
26 0.80614609375 0.9017859375 0.0466671875 0.053571875000000005
26 0.46208359374999997 0.72961328125 0.0366671875 0.0654765625
26 0.60479140625 0.65773828125 0.1033328125 0.0654765625
26 0.7803125 0.8005210937499999 0.12 0.0416671875
26 0.07375000000000001 0.5502976562499999 0.06 0.1130953125
26 0.58270859375 0.51822890625 0.14666718750000002 0.08333281249999999
26 0.25927109374999996 0.66339296875 0.2466671875 0.0892859375
26 0.17604140625 0.82961328125 0.1333328125 0.0654765625
26 0.45489609375000006 0.73229140625 0.1566671875 0.08333281249999999
