26 0.11732968749999999 0.39318203125 0.231534375 0.1363640625
26 0.085653125 0.712215625 0.14630625 0.13068125
26 0.3107953125 0.8279828124999999 0.17471562499999999 0.33096562500000004
26 0.384659375 0.5654828125 0.11931875 0.096590625
26 0.36818203125000004 0.4248578125 0.1207390625 0.080965625
26 0.26008515625 0.46732968750000003 0.06392031249999999 0.044034375
26 0.553125 0.52073828125 0.09375 0.1008515625
26 0.7188921875000001 0.5809656249999999 0.106534375 0.11505625
26 0.609090625 0.7548296875 0.13068125 0.15340937500000001
26 0.48181796875 0.6143468750000001 0.08238593749999999 0.04119375
26 0.8813921875 0.9192453125 0.200284375 0.160365625
26 0.79772734375 0.6982953125 0.07670468750000001 0.080965625
26 0.9625 0.66463046875 0.03125 0.0355109375
26 0.60738671875 0.44431796874999996 0.055398437499999995 0.0355109375
26 0.49914765625 0.408096875 0.06392031249999999 0.04119375
26 0.5284093750000001 0.36505703125 0.04119375 0.0269890625
26 0.0610796875 0.5776992187500001 0.122159375 0.0866484375
26 0.41306796874999996 0.30184687499999996 0.0198859375 0.02556875
26 0.48991484375 0.30525546875 0.0298296875 0.0198859375
26 0.484375 0.25142031249999997 0.03125 0.018465625
26 0.49914765625 0.20767031249999998 0.0326703125 0.018465625
26 0.63664765625 0.40213046874999997 0.06392031249999999 0.06676093749999999
26 0.22059687499999997 0.28849453125 0.08806875 0.0426140625
