26 0.3590140625 0.5433890625 0.06490312499999999 0.033653125
26 0.463821875 0.5793265625 0.04326875 0.033653125
26 0.5813703125 0.76875 0.072115625 0.0625
26 0.44483203125 0.75841328125 0.0865390625 0.0793265625
26 0.1407453125 0.8626203125 0.10336562499999999 0.134615625
26 0.23125 0.9219953125 0.09375 0.10336562499999999
26 0.3734375 0.9173078125 0.09375 0.10336562499999999
26 0.4394234375 0.977884375 0.12259687500000001 0.04326875
26 0.51622578125 0.8907453125 0.0793265625 0.10336562499999999
26 0.668990625 0.959375 0.11298125 0.0625
26 0.3407453125 0.7469953125 0.072115625 0.072115625
26 0.81478359375 0.7923078125 0.3701921875 0.353365625
