26 0.30853359375 0.8527640625 0.4014421875 0.252403125
26 0.6657453125 0.63389453125 0.259615625 0.1802890625
26 0.91790859375 0.79110546875 0.1201921875 0.10096093749999999
26 0.3157453125 0.4141828125 0.415865625 0.197115625
26 0.63173046875 0.3769234375 0.22596093750000001 0.09134687500000001
26 0.887740625 0.47259609375 0.11298125 0.0889421875
26 0.97752421875 0.5579328125 0.045673437500000004 0.072115625
26 0.5034859375 0.28834140625 0.185096875 0.0673078125
26 0.23701953125 0.221875 0.1802890625 0.0625
26 0.27596171875 0.2796875 0.0769234375 0.03125
26 0.341946875 0.34423046875 0.07451875 0.0384609375
26 0.42848593749999997 0.21610546875 0.09134687500000001 0.0384609375
26 0.4969953125 0.1858171875 0.072115625 0.021634375
26 0.806009375 0.9733171875 0.26201875 0.052884375
26 0.36586562499999997 0.15685078125000002 0.23798124999999998 0.048076562499999996
26 0.65420703125 0.204446875 0.1490390625 0.04326875
26 0.7034859375 0.3 0.06009687500000001 0.03125
26 0.61358203125 0.1173078125 0.11778906250000001 0.040865625
26 0.7191109375 0.15252421875 0.09134687500000001 0.045673437500000004
26 0.75721171875 0.09302890625 0.1394234375 0.0673078125
26 0.01923046875 0.6701921875 0.0384609375 0.084134375
26 0.040625 0.40552890625 0.0625 0.0360578125
