26 0.5418695312499999 0.4179421875 0.0649890625 0.032759375
26 0.57441875 0.35758671875000003 0.0550875 0.037048437499999996
26 0.6241015625 0.33571171875 0.060703125000000004 0.037048437499999996
26 0.6410375 0.31162968750000003 0.050824999999999995 0.020134375
26 0.73690234375 0.4246125 0.1144296875 0.042975
26 0.36821171875 0.9138992187499999 0.20829843750000002 0.1496734375
26 0.7470609375 0.9169609375000001 0.269121875 0.102671875
26 0.3740578125 0.3845546875 0.057490625 0.019109375
26 0.49999140625000005 0.79676640625 0.09998281249999999 0.056032812499999994
26 0.6554109375 0.72999296875 0.07332187500000001 0.0412359375
26 0.87508828125 0.7509 0.1908015625 0.1393
26 0.91519921875 0.59639140625 0.1116484375 0.0709078125
26 0.8144750000000001 0.5989234375 0.050824999999999995 0.035346875
