26 0.54150390625 0.38571171875 0.0736328125 0.037048437499999996
26 0.5740023437499999 0.33981875 0.054254687499999996 0.0296375
26 0.6138945312499999 0.31630078125 0.06216406249999999 0.0326015625
26 0.724403125 0.40479921875 0.13005625 0.0533484375
26 0.37602734375 0.8737578125000001 0.1708046875 0.13189062499999998
26 0.49738515625 0.7439859375 0.1291453125 0.072346875
26 0.3210359375 0.57325703125 0.07332187500000001 0.0527640625
26 0.7302921875 0.8654460937499999 0.244959375 0.1215171875
26 0.86621875 0.7490484375 0.22931249999999997 0.063721875
26 0.9178007812500001 0.5629 0.1449765625 0.060175
26 0.37541250000000004 0.35650781249999997 0.050824999999999995 0.019265625
