26 0.66165546875 0.5039781249999999 0.1358109375 0.05483125
26 0.20382187499999999 0.9399101562500001 0.11076875 0.12044531249999998
26 0.6792015625000001 0.9382671874999999 0.061528125 0.123409375
26 0.80541015625 0.92045546875 0.0733203125 0.10966093750000001
26 0.054995312500000004 0.98036328125 0.059990625 0.0326015625
26 0.443325 0.90768515625 0.09915 0.17787031250000002
26 0.63988125 0.78463046875 0.1766375 0.1630109375
26 0.26488515625 0.82085859375 0.1266453125 0.0948421875
26 0.07028984375 0.8190703125000001 0.1405796875 0.13189062499999998
26 0.43239296875 0.52781796875 0.036660937500000004 0.040010937499999996
